lon_min=-35.7936
lon_max=-37.7778
lat_min=-6.35135
lat_max=-8.11341